Program synthesis

DFS

Synthesised program using DFS consistent with ground truth: True
DFS result: LIST|MAXIMUM,0
Steps used: 5

Execution time:
0.0008957289902675747 
0.0008795264761234378 
0.0008754758475859603 
0.0008838471465626441 
0.0008862775236835319 
0.0008916783617323176 
0.0008811467275364748 
0.0008965391159740932 
0.0008865475655852606 
0.0008841171884625965 
0.0008865475655852606 
0.0008851973560766169 
0.0008973492416828321 
0.0008981593673951238 
0.000893838696953253 
0.0008916783617323176 
0.0008878977751010098 
0.0009643196334820914 
0.0008806066437330173 
0.000877906224701519 
0.0008876277331921756 
0.0008770960990034382 
0.0008827669789468473 
0.0008797965180349365 
0.0008800665599295598 
0.0008781762666103532 
0.0008824969370380131 
0.000892758529346338 
0.0008746657218807741 
0.0008862775236906373 

Wall time:
0.000997304916381836
0.0009970664978027344
0.0009970664978027344
0.000997304916381836
0.000997304916381836
0.0
0.000997304916381836
0.0009975433349609375
0.0009975433349609375
0.000997304916381836
0.000997781753540039
0.000997304916381836
0.0009975433349609375
0.000997304916381836
0.000997304916381836
0.0009975433349609375
0.000997304916381836
0.0009975433349609375
0.0009970664978027344
0.000997304916381836
0.0
0.0
0.0
0.0009970664978027344
0.0
0.0
0.000997304916381836
0.000997304916381836
0.0
0.000997304916381836


Sort and add

Synthesised program using sort and add consistent with ground truth: True
Sort and add result: LIST|MAXIMUM,0
Steps used: [2, 3, 4, 5]

Execution time:
0.0012872897487503643 
0.0012637961032417877 
0.0012889100001647336 
0.0013448086739629161 
0.0013043023886005756 
0.0013639816490318424 
0.0013205049027433802 
0.0012805387011880498 
0.0012837792040230056 
0.001294310838211743 
0.001356420475765674 
0.001438243172188436 
0.0012883699163594997 
0.0013140238970876794 
0.001315914190406886 
0.0013153741065963231 
0.0013121336037755782 
0.0014422938007356834 
0.001276758114556742 
0.0012816188687878594 
0.0013105133523509949 
0.0012829690783036085 
0.0013326567883638063 
0.0012772981983601994 
0.0014058381439099321 
0.0012818889106966935 
0.0013148340227928657 
0.0013064627238179582 
0.0012775682402690336 
0.0013007918438745492 

Wall time:
0.000997304916381836
0.000997304916381836
0.000997304916381836
0.001994609832763672
0.000997781753540039
0.0019943714141845703
0.000997304916381836
0.0009970664978027344
0.0009970664978027344
0.001994609832763672
0.0019943714141845703
0.001995086669921875
0.0009975433349609375
0.0019943714141845703
0.000997304916381836
0.0019943714141845703
0.000997304916381836
0.0009970664978027344
0.001994609832763672
0.000997304916381836
0.001994609832763672
0.0019948482513427734
0.0019941329956054688
0.0009970664978027344
0.001995086669921875
0.0019943714141845703
0.0009970664978027344
0.000997304916381836
0.001994609832763672
0.0009970664978027344