Scenario 1 
Sample: C:\dvk\THESIS\code\deepcoder-le\clustering\scenario1.data

--
For k=2 the average silhouette value is: 0.8485671038005586

Execution time for clustering for k=2
0.001547880184568239
0.0009378555270425082
0.0009338048985059189
0.0009100412110942813
0.000915442049143067
0.0009176023843622261
0.0009670200524993788
0.0009286741023615264
0.0009113914206082541
0.0009856529437684003
0.0009408259879677416
0.000929484228073818
0.0009205728452883477
0.000930564395680733
0.0010636950535598544
0.000913011672025732
0.0009483871612374628
0.0009146319234361044
0.0009178724262710602
0.000968370262015128
0.0009146319234361044
0.0009097711691907762
0.000969450429622043
0.0009105812949030678
0.0010156275949384508
0.0009184125100603069
0.0009518977059599365
0.0009170623005587686
0.0009100412110996103
0.0009643196334820914

Wall time for clustering for k=2:
0.0009970664978027344
0.000997304916381836
0.0009975433349609375
0.000997304916381836
0.0009975433349609375
0.0009968280792236328
0.0009975433349609375
0.0009975433349609375
0.0009968280792236328
0.0009970664978027344
0.000997304916381836
0.000997304916381836
0.000997304916381836
0.0009970664978027344
0.0009975433349609375
0.0009975433349609375
0.000997781753540039
0.000997304916381836
0.0009970664978027344
0.0009970664978027344
0.0009968280792236328
0.0009975433349609375
0.0009970664978027344
0.0009970664978027344
0.0009980201721191406
0.0009970664978027344
0.000997781753540039
0.0009975433349609375
0.0009968280792236328
0.000997781753540039

Silhouette execution time for k=2:
0.0004018223507741697
0.00032351019907750356
0.000329451120930635
0.0003229701152722697
0.00032756082761231653
0.0003270207438070827
0.0003243203247862425
0.0003343118751750751
0.0003405228389290471
0.0003178393191234363
0.00039426117750451795
0.00033593212658189486
0.00031513890009904344
0.0003237802409756796
0.0003270207438106354
0.000317569277228813
0.00031189839727119306
0.0003348519589820853
0.0003154089420007722
0.0003181093610322705
0.0003278308695087162
0.0003181093610322705
0.00032405028288451376
0.0003189194867303513
0.0003343118751786278
0.00031567898390960636
0.0003324215818452103
0.00031351864868156554
0.00031540894201498304
0.0003183794029268938

Silhouette wall clock time for k=2:
0.0
0.0009970664978027344
0.0
0.0009975433349609375
0.0
0.0
0.0009970664978027344
0.0
0.0
0.0
0.0009975433349609375
0.0
0.0
0.0009975433349609375
0.0009975433349609375
0.0
0.0
0.0
0.0
0.0
0.0009970664978027344
0.0009970664978027344
0.000997304916381836
0.0
0.0
0.0
0.0
0.0
0.000997304916381836
0.0

--
For k=3 the average silhouette value is: 0.45795288604063683

Execution time for clustering for k=3:
0.0006278474230846411
0.0006659233313230928
0.0006348685125470155
0.0006132651603554251
0.0006399993086940725
0.0006165056631814991
0.0006869865997103375
0.0006213664174268274
0.0006921173958573945
0.000617045746992062
0.000642429685818513
0.000643509853425428
0.0006210963755250987
0.0006486406495653796
0.0006124550346484625
0.0006154254955745841
0.0006159655793780416
0.0006821258454721146
0.0006424296858114076
0.0006205562917216412
0.0006135352022624829
0.000619206082205892
0.0006278474230754227
0.0006167757050832279
0.0006769950493179522
0.0006208263336304753
0.000621366417419722
0.0006138052441571062
0.000654311529530105
0.0006210963755250987

Wall time for clustering for k=3:
0.0009980201721191406
0.0009970664978027344
0.0
0.0
0.0
0.0009970664978027344
0.0009975433349609375
0.0009968280792236328
0.0
0.0009970664978027344
0.000997304916381836
0.0009980201721191406
0.000997304916381836
0.000997781753540039
0.0
0.0009975433349609375
0.000997304916381836
0.0
0.0
0.0009975433349609375
0.0
0.0
0.0009970664978027344
0.000997304916381836
0.0
0.0009970664978027344
0.0009970664978027344
0.0
0.000997304916381836
0.000997304916381836

Silhouette execution time:
0.0003926409260925044
0.00037940887287479796
0.00038832025565405104
0.0003864299623383971
0.0003777886214599846
0.00039156075848012506
0.00039534134511498564
0.00037994895668092
0.0003915607584836778
0.00037913883097928647
0.00037751857956180856
0.000392100842290688
0.000380218998579096
0.0003721177415130228
0.0003888603394557322
0.00037751857956180856
0.00037805866336526606
0.00038805021375054594
0.00038048904048082477
0.0003734679510216665
0.0003888603394557322
0.000378598747175829
0.0003867000042419022
0.0003850797528173189
0.00040695314692129614
0.0003861599204384447
0.00037211774150591737
0.00041235398495587106
0.000374008034825124
0.0004212653677484468

Silhouette wall clock time:
0.000997304916381836
0.0
0.0
0.0
0.0
0.000997304916381836
0.0009975433349609375
0.0
0.0
0.0
0.0
0.0009975433349609375
0.0
0.0
0.000997304916381836
0.0
0.000997304916381836
0.0009968280792236328
0.0
0.0
0.0009975433349609375
0.0
0.0
0.0
0.0009984970092773438
0.0009970664978027344
0.0009975433349609375
0.0
0.0
0.0

--