Scenario 2 
Sample: C:\dvk\THESIS\code\deepcoder-le\clustering\scenario2.data

The best silhouette value of 0.5863200762086528 was achieved with k=3

Execution time of best clustering:
0.0008301088079837315
0.0008190370899852084
0.0008163366709608155
0.0008263282213505363
0.0008290286403731528
0.0008654842972006804
0.0008252480537400686
0.0008719653028563812
0.0008465813640299302
0.0008276784308662855
0.0008684547581196966
0.0008244379280384351
0.0008206573414000218
0.0008211974252034793
0.0008195771737931068
0.0008255180956453501
0.0008789863923155394
0.0008211974252034793
0.0008201172576036697
0.0008365898136304395
0.0008195771737860014
0.0008290286403820346
0.0008271383470486171
0.0008279484727609088
0.0008230877185297913
0.0008198472156948355
0.0008271383470486171
0.0008247079699401638
0.0008274083889574513
0.000884657272266054

Wall time of best clustering:
0.000997781753540039
0.0
0.0
0.000997781753540039
0.0009970664978027344
0.000997781753540039
0.0009970664978027344
0.0009970664978027344
0.000997304916381836
0.0009970664978027344
0.000997781753540039
0.0009970664978027344
0.000997304916381836
0.000997304916381836
0.0
0.000997304916381836
0.000997781753540039
0.0009968280792236328
0.0
0.0009975433349609375
0.0
0.0009970664978027344
0.000997304916381836
0.0009975433349609375
0.0009975433349609375
0.0009975433349609375
0.000997304916381836
0.0009968280792236328
0.0009975433349609375
0.0009975433349609375

Total scenario execution time:
0.1988969328370683 
0.19741440279288103 
0.19713220900487105 
0.20408605803362434 
0.19919883968395347 
0.1987149245948494 
0.19370510722148992 
0.1864952584692574 
0.18895939082867486 
0.18516962277036697 
0.18539807821979792 
0.18711230421624236 
0.18143629346965184 
0.1847213532123746 
0.18529114162644333 
0.18825728188242863 
0.18256965933404246 
0.18790460715789692 
0.18041769541379438 
0.18415777576207404 
0.1747308829911134 
0.183622282669603 
0.18507726843974126 
0.1788360599914256 
0.18194181191095993 
0.176467792507367 
0.18316699202215148 
0.18229475667739337 
0.17996969589771084 
0.18450045893621336

Total scenario wall time:
0.1984696388244629 
0.19747185707092285 
0.1964740753173828 
0.2044527530670166 
0.19846868515014648 
0.19946670532226562 
0.19447946548461914 
0.18650150299072266 
0.18949294090270996 
0.18450665473937988 
0.18450665473937988 
0.18650174140930176 
0.18151450157165527 
0.18450617790222168 
0.18550324440002441 
0.1874983310699463 
0.182511568069458 
0.18849587440490723 
0.18051648139953613 
0.18450665473937988 
0.17453336715698242 
0.18350958824157715 
0.18550348281860352 
0.1795196533203125 
0.18151426315307617 
0.176527738571167 
0.18350911140441895 
0.1825113296508789 
0.1795198917388916 
0.18450641632080078 