Scenario 3 
Sample: C:\dvk\THESIS\code\deepcoder-le\clustering\scenario3.data 

The best silhouette value of 0.8332508360470124 was achieved with k=2

Execution time of best clustering:
0.0022059723007218923
0.002166816224873358
0.002189769786578033
0.0025961828496914308
0.0022086727197461187
0.002211913222573969
0.0022864447876393967
0.0022089427616478474
0.0021878794932632672
0.0022116431806722403
0.002130360568052936
0.002189229702771911
0.002780351427126959
0.0022154237673106536
0.002195710708434717
0.0022405376642282704
0.0022940059608984598
0.0021673563086821446
0.002200031378862377
0.0026493811044616677
0.0021970609179504663
0.002222714898664435
0.0022426979994492058
0.0022254153176959335
0.002260790806900559
0.0022597106393078548
0.0021476432497991027
0.002314259103584959
0.002637499260771392
0.00222163473105752

Wall time of best clustering:
0.0019943714141845703
0.001994609832763672
0.0019948482513427734
0.002991914749145508
0.001995086669921875
0.0029916763305664062
0.0019948482513427734
0.0029909610748291016
0.0019943714141845703
0.001993894577026367
0.0019941329956054688
0.0019941329956054688
0.0029916763305664062
0.0019941329956054688
0.0019943714141845703
0.0019941329956054688
0.0019943714141845703
0.0029914379119873047
0.001993894577026367
0.0029916763305664062
0.001994609832763672
0.001994609832763672
0.001995086669921875
0.0019948482513427734
0.0029916763305664062
0.002991914749145508
0.002991914749145508
0.0019941329956054688
0.002992391586303711
0.0019941329956054688

Total scenario execution time:
0.19916346419473913 
0.19917993675078538 
0.20480544966162384 
0.2027099244989845 
0.20418273303468482 
0.21002562967695937 
0.19764042786519198 
0.19312478717322534 
0.19063419070737098 
0.19920018989346744 
0.19242348835268785 
0.1968086988057891 
0.19003199726501663 
0.1884517120521565 
0.18669616964464097 
0.19086831703675244 
0.19092070516582282 
0.18884786352298022 
0.18462251787609318 
0.18157725534271663 
0.1905253638207114 
0.18230015751544215 
0.18587011146519217 
0.18300928755114398 
0.18393040048025 
0.1942430306910694 
0.18452827325216958 
0.18225236009871537 
0.18548665196378522 
0.19140164979400254 

Total scenario wall time:
0.1984691619873047 
0.1984691619873047 
0.2044532299041748 
0.20245814323425293 
0.20345640182495117 
0.20943927764892578 
0.19747161865234375 
0.19248533248901367 
0.19148826599121094 
0.19946646690368652 
0.19248461723327637 
0.19647479057312012 
0.1904916763305664 
0.18849635124206543 
0.18650150299072266 
0.19148731231689453 
0.1904902458190918 
0.18849587440490723 
0.18450593948364258 
0.18151473999023438 
0.1904904842376709 
0.1825118064880371 
0.18650126457214355 
0.1825122833251953 
0.18450570106506348 
0.19447994232177734 
0.18450617790222168 
0.1825118064880371 
0.18550348281860352 
0.19148755073547363 