Scenario 4 
Sample: C:\dvk\THESIS\code\deepcoder-le\clustering\scenario4.data

The best silhouette value of 0.3830742916987218 was achieved with k=4

Execution time of best clustering:
0.012398163823080455
0.012329573179870046
0.01287937849316112
0.012461083586339683
0.012821049442241161
0.012427868432343558
0.01247188526243903
0.01253723540281726
0.012721674022159846
0.012434079396101083
0.012518872553449967
0.012996306636900101
0.012470265011018
0.013066247489618377
0.012359817872933831
0.012390602649816174
0.012426248180929633
0.012520762846769173
0.012430028767568047
0.01238898239839159
0.012933386873640984
0.012672256354008482
0.012544256492276418
0.01243677981511837
0.012534264941891138
0.012401134284004911
0.01236467862717916
0.04776042098453104
0.012446501323609027
0.012841572626811626

Wall time of best clustering:
0.012964963912963867
0.012965202331542969
0.012965202331542969
0.01296544075012207
0.011967182159423828
0.012964725494384766
0.011968135833740234
0.011967658996582031
0.01296544075012207
0.012965202331542969
0.01196742057800293
0.012964963912963867
0.012964963912963867
0.012964963912963867
0.01296544075012207
0.011967897415161133
0.012965202331542969
0.01296544075012207
0.011967897415161133
0.012964963912963867
0.012964963912963867
0.012964963912963867
0.012964963912963867
0.011968135833740234
0.012964487075805664
0.012964963912963867
0.011967658996582031
0.04787158966064453
0.01296544075012207
0.012964963912963867

Total scenario execution time:
0.29220883204446835 
0.30078293248763366 
0.29489304855434373 
0.2972812991391862 
0.29998414854032873 
0.2991478287685929 
0.2873394364603534 
0.289407147307049 
0.2910598037497465 
0.2910063354530763 
0.28779148660497356 
0.2916576765216661 
0.2813620589506911 
0.28288158473550595 
0.2846897853139865 
0.2879019337430577 
0.28553204600758164 
0.2838116090473761 
0.2857070331603353 
0.28287861427457983 
0.28033616976345854 
0.31609673873094835 
0.28039341864678136 
0.2822275432478847 
0.31670055242472017 
0.28426122881488425 
0.28282730631312347 
0.31367797341113146 
0.28569542135852544 
0.28277086755551295 

Total scenario wall time:
0.2922184467315674 
0.30019617080688477 
0.295210599899292 
0.29720473289489746 
0.30019664764404297 
0.29919958114624023 
0.2872316837310791 
0.2902240753173828 
0.2902231216430664 
0.29122090339660645 
0.2872319221496582 
0.29122114181518555 
0.2812480926513672 
0.2822451591491699 
0.28523731231689453 
0.2872321605682373 
0.28623366355895996 
0.2842400074005127 
0.28523683547973633 
0.28324294090270996 
0.28025031089782715 
0.31615424156188965 
0.28025031089782715 
0.2822449207305908 
0.31615424156188965 
0.2842400074005127 
0.28324222564697266 
0.314159631729126 
0.28623437881469727 
0.2822451591491699 