Scenario 5 
Sample: C:\dvk\THESIS\code\deepcoder-le\clustering\scenario5.data 

The best silhouette value of 0.363725300745691 was achieved with k=7

Execution time of best clustering:
0.1590211953188776
0.1586936344912644
0.15920887444104714
0.15903820795872825
0.1626926850239343
0.1585256684279699
0.16025042605861017
0.15868904377892434
0.16064765769704437
0.16012539665780423
0.1592150854048029
0.1593444354760507
0.15911706019423377
0.15917295886802663
0.15896286626796297
0.15937981096526954
0.16004141362615343
0.15929744818504332
0.16003034190815413
0.15929933847834832
0.15951537200028554
0.1585351198945517
0.194582473362388
0.15842116221173796
0.16029282263728817
0.15955695845323703
0.15977839281320882
0.15919564238782868
0.15888968491240973
0.15970116082912966

Wall time of best clustering:
0.15857601165771484
0.15857601165771484
0.15957307815551758
0.15957307815551758
0.16356253623962402
0.15857601165771484
0.16057038307189941
0.15857577323913574
0.16057062149047852
0.15957236289978027
0.15957331657409668
0.15957307815551758
0.15957331657409668
0.15857577323913574
0.15857553482055664
0.15957331657409668
0.16057038307189941
0.15957307815551758
0.16057038307189941
0.15957260131835938
0.15957331657409668
0.15857577323913574
0.19447970390319824
0.15857529640197754
0.15957283973693848
0.15957283973693848
0.15957283973693848
0.15857553482055664
0.15957283973693848
0.15957331657409668

Total scenario execution time:
2.6480311649958725 
2.610774293847176 
2.599108483663409 
2.616319064229195 
2.656125671020373 
2.6275463263634613 
2.616321494606318 
2.7017570816463596 
2.6089790552800096 
2.676803049529191 
2.612917886468445 
2.6687290666892807 
2.582879235370946 
2.6663478371938965 
2.5980458687774615 
2.6712428867587406 
2.6525513964001775 
2.600988785429827 
2.6927614457935363 
2.6494318723436407 
2.600713882773192 
2.6009002116858397 
2.595288740953933 
2.596324351649642 
2.588085373207363 
2.6085839839767857 
2.6870581608148143 
2.5911570998471802 
2.598243809491919 
2.5899581138005203 

Total scenario wall time:
2.6479170322418213 
2.6110153198242188 
2.5990476608276367 
2.616999626159668 
2.656893014907837 
2.6279702186584473 
2.616999387741089 
2.701772928237915 
2.609020948410034 
2.6768393516540527 
2.613010883331299 
2.668861150741577 
2.5820937156677246 
2.6668667793273926 
2.598050832748413 
2.6708555221557617 
2.6529037952423096 
2.6010422706604004 
2.6917996406555176 
2.649911642074585 
2.6010427474975586 
2.601041555404663 
2.596055269241333 
2.5960562229156494 
2.5880777835845947 
2.609020948410034 
2.68681263923645 
2.591068983078003 
2.598050355911255 
2.5900721549987793 