Scenario 1 
Sample: C:\dvk\THESIS\code\deepcoder-le\clustering\scenario1.data

The best silhouette value of 0.8485671038005586 was achieved with k=2

Execution time of best clustering:
0.001547880184568239
0.0009378555270425082
0.0009338048985059189
0.0009100412110942813
0.000915442049143067
0.0009176023843622261
0.0009670200524993788
0.0009286741023615264
0.0009113914206082541
0.0009856529437684003
0.0009408259879677416
0.000929484228073818
0.0009205728452883477
0.000930564395680733
0.0010636950535598544
0.000913011672025732
0.0009483871612374628
0.0009146319234361044
0.0009178724262710602
0.000968370262015128
0.0009146319234361044
0.0009097711691907762
0.000969450429622043
0.0009105812949030678
0.0010156275949384508
0.0009184125100603069
0.0009518977059599365
0.0009170623005587686
0.0009100412110996103
0.0009643196334820914

Wall time of best clustering:
0.0009970664978027344
0.000997304916381836
0.0009975433349609375
0.000997304916381836
0.0009975433349609375
0.0009968280792236328
0.0009975433349609375
0.0009975433349609375
0.0009968280792236328
0.0009970664978027344
0.000997304916381836
0.000997304916381836
0.000997304916381836
0.0009970664978027344
0.0009975433349609375
0.0009975433349609375
0.000997781753540039
0.000997304916381836
0.0009970664978027344
0.0009970664978027344
0.0009968280792236328
0.0009975433349609375
0.0009970664978027344
0.0009970664978027344
0.0009980201721191406
0.0009970664978027344
0.000997781753540039
0.0009975433349609375
0.0009968280792236328
0.000997781753540039

Total scenario execution time:
0.18109280016980236 
0.19461298809736283 
0.1946408024133106 
0.19848025818166093 
0.19464188258092108 
0.19932926992281352 
0.1938557906030276 
0.18224776938637532 
0.18692597530358768 
0.18321181897795213 
0.18811875038650072 
0.18633107299260132 
0.18308435920001642 
0.18215514501385854 
0.18304682337558376 
0.18172064759288276 
0.18169823411498953 
0.18248162567385862 
0.1814533061095176 
0.18286049446292907 
0.17564956554308253 
0.18019005009007572 
0.18416776731245932 
0.18205171896522643 
0.1787104905068162 
0.17615346373295893 
0.17920574735582306 
0.17935265015073298 
0.18183973607185067 
0.18023028633352567

Total scenario wall time:
0.18051791191101074 
0.19447994232177734 
0.19447994232177734 
0.1984703540802002 
0.19447994232177734 
0.19946670532226562 
0.19447946548461914 
0.182511568069458 
0.1874985694885254 
0.18350934982299805 
0.18849587440490723 
0.18650126457214355 
0.18350934982299805 
0.1825118064880371 
0.1825106143951416 
0.18151450157165527 
0.18151426315307617 
0.1825120449066162 
0.18151473999023438 
0.1825118064880371 
0.17553019523620605 
0.1795196533203125 
0.18350982666015625 
0.1825110912322998 
0.17852306365966797 
0.176527738571167 
0.1795198917388916 
0.1795206069946289 
0.18151473999023438 
0.1795198917388916 